0000000000111100111001
0000000000111111000011
0000000000111100111001
0000000000111111000011
0000000000111100111001
0000000000111111000011
0000000000111100111001
0000000000111111000011
0000000000111100111001
0000000000111111000011
0000000000111100111001
0000000000111111000011
0000000000111100111001
0000000000111111000011
0000000000111100111001
0000000000111100111001
0000000000111111000011
0000000000111100111001
0000000000111111000011
0000000000111100111001
0000000000111111000011
0000000000111100111001
0000000000111111000011
0000000000111100111001
0000000000111111000011
0000000000111100111001
0000000000111111000011
0000000000111100111001
0000000000111111000011
0000000000111100111001
